data/TS115_ESM1b.npz
metric_q8: 0.6308669192450387
metric_q3: 0.7670434287616185
